Lab pH
8.17
8.03
7.97
8.07
8.02
7.08
8.2
7.53
7.74
7.6
7.88
7.94
7.85
7.97
7.96
7.66
7.52
7.72
7.24
7.01
7.32
7.19
7.54
7.09
7
7.25
6.97
7.67
7.46
7.43
7.25
7.12
8.18
7.42
7.26
7.42
7.36
7.93
7.33
7.18
7.46
8.01
7.68
7.72
7.6
7.53
7.49
7.4
8.01
8.04
8.02
7.95
7.83
7.82
7.89
7.82
7.75
7.88
7.94
7.35
7.55
6.15
7.99
7.77
7.9
7.99
7.92
7.72
7.99
7.76
7.77
7.7
7.79
7.73
7.81
7.98
8.17
8.05
7.74
7.66
7.54
7.78
7.8
7.83
7.85
7.69
7.7
7
7.97
7.39
6.78
7.99
7.84
6.94
8.12
7.88
7.22
7.66
7.73
7.97
7.64
8.08
8.01
7.66
8.07
7.95
7.9
7.61
7.99
