Turbidity
3.39
2.76
4.84
4.98
7.34
16.57
4.35
8.28
2.62
10.45
7.29
2.08
4.88
2.18
3.06
2.05
0.87
1.62
2.73
2.44
2.15
1.48
2.43
2.5
5.03
1.01
2.18
3.09
4.94
1.83
0.94
3.02
3.23
2.11
2.31
3.01
1.71
3.76
2.84
3.66
3.09
2.11
4.39
2.53
2.13
2.03
2.27
2.41
5.19
3.23
2.71
3.23
2.28
31.7
58.9
11.4
17.9
14.3
3.88
1.33
5.1
3.16
10.54
4.02
7.16
4.87
3.33
8.31
4.13
1.54
4.38
3.13
3.01
5.38
3.08
2.91
6.03
10.35
4.19
5.34
7.59
17.55
17.32
27.4
10.3
68.3
12.12
10.68
1.43
1.73
1.47
1.79
1.9
8.06
2.21
3.77
8.17
1.85
2.43
3.27
2.13
2.04
1.84
3.43
2.03
4.86
2.01
3.08
5.44
